3+5
10-3
2*3
56/3 #割り
56/3 #割り算
sqrt(9)
log(2, base=10
log(2, base=10)
date()
6^3
summary(c(173, 178, 180, 183, 182, 174, 179, 174, 192))
summary(c(173, 178, 180, 183, 182, 174, 179, 179, 174, 192))
身長 <- c(173, 178, 180, 183, 182, 174, 179, 179, 174, 192))
身長 <- c(173, 178, 180, 183, 182, 174, 179, 179, 174, 192)
身長 <- c(173, 178, 180, 183, 182, 174, 179, 179, 174, 192)
身長
ホークス<-matrix(173, 178, 180, 183, 182, 174, 179, 179, 174, 192,
ホークス<-matrix((173, 178, 180, 183, 182, 174, 179, 179, 174, 192,
ホークス<-matrix((173, 178, 180, 183, 182, 174, 179, 179, 174, 192,
ホークス<-matrix((173, 178, 180, 183, 182, 174, 179, 179, 174, 192,
ホークス<-matrix((173, 178, 180, 183, 182, 174, 179, 179, 174, 192,
ホークス<-matrix((173, 178, 180, 183, 182, 174, 179, 179, 174, 192,
ホークス<-matrix((173, 178, 180, 183, 182, 174, 179, 179, 174, 192,
ホークス <- matrix(173, 178, 180, 183, 182, 174, 179, 179, 174, 192
, 17000, 14000, 9000, 50000, 30000, 12000, 900, 2100, 1000, 25000), 10, 2)
ホークス
ホークス <- matrix(c(173, 178, 180, 183, 182, 174, 179, 179, 174, 192
, 17000, 14000, 9000, 50000, 30000, 12000, 900, 2100, 1000, 25000), 10, 2)
ホークス
h <- matrix(c(173, 178, 180, 183, 182, 174, 179, 179, 174, 192
, 17000, 14000, 9000, 50000, 30000, 12000, 900, 2100, 1000, 25000), 10, 2)
h
h[8][2]
q()
